{
  "advancedEditorSelectedIdentifier" : "ProjectBrowser",
  "openSceneRelativePaths" : [
    "Scene.usda"
  ],
  "recentIdentifiers" : {
    "26DBAE76-5DD8-47B6-A085-1B4ADA111097" : [

    ]
  },
  "sceneCameraHistory" : {
    "26DBAE76-5DD8-47B6-A085-1B4ADA111097" : [
      {
        "date" : 767454684.360985,
        "title" : "Untitled",
        "transform" : [
          0.98738337,
          -1.1875076e-09,
          -0.15834802,
          0,
          -0.07167267,
          0.8916995,
          -0.44691715,
          0,
          0.14119883,
          0.4526279,
          0.8804493,
          0,
          -0.004753585,
          0.10578147,
          0.25955176,
          1
        ]
      },
      {
        "date" : 767454673.094222,
        "title" : "Untitled",
        "transform" : [
          0.99819475,
          -2.2702318e-09,
          -0.060060438,
          0,
          -0.01835789,
          0.9521415,
          -0.30510578,
          0,
          0.057185993,
          0.30565766,
          0.9504227,
          0,
          -0.02663349,
          0.068601884,
          0.2245858,
          1
        ]
      },
      {
        "date" : 767454660.911427,
        "title" : "Untitled",
        "transform" : [
          0.9960445,
          -2.2328641e-09,
          -0.08885561,
          0,
          -0.029523505,
          0.94318634,
          -0.33094996,
          0,
          0.08380735,
          0.33226433,
          0.93945557,
          0,
          -0.020085365,
          0.0748594,
          0.22585194,
          1
        ]
      },
      {
        "date" : 767454653.093355,
        "title" : "Untitled",
        "transform" : [
          0.9917069,
          -2.3184328e-09,
          -0.12852006,
          0,
          -0.036939066,
          0.957805,
          -0.2850354,
          0,
          0.12309709,
          0.28741908,
          0.94986176,
          0,
          -0.008850102,
          0.07033659,
          0.17808978,
          1
        ]
      },
      {
        "date" : 767454619.532994,
        "title" : "Untitled",
        "transform" : [
          0.9844349,
          -2.4155111e-09,
          -0.17574976,
          0,
          -0.0572806,
          0.9453967,
          -0.32084855,
          0,
          0.1661532,
          0.32592168,
          0.9306816,
          0,
          -0.00019733763,
          0.077452004,
          0.17906454,
          1
        ]
      },
      {
        "date" : 767454615.194931,
        "title" : "Untitled",
        "transform" : [
          0.31991965,
          -2.551523e-09,
          0.9474447,
          0,
          0.39965975,
          0.9066753,
          -0.1349514,
          0,
          -0.8590247,
          0.42182922,
          0.2900632,
          0,
          -0.17772484,
          0.09573866,
          0.026590316,
          1
        ]
      },
      {
        "date" : 767454589.494629,
        "title" : "Untitled",
        "transform" : [
          0.9961419,
          -1.1536629e-09,
          -0.08775721,
          0,
          -0.041674238,
          0.8800497,
          -0.4730493,
          0,
          0.07723066,
          0.47488156,
          0.8766544,
          0,
          -0.016061522,
          0.106229015,
          0.17850682,
          1
        ]
      },
      {
        "date" : 767454586.878089,
        "title" : "Untitled",
        "transform" : [
          0.7811226,
          -8.5811624e-10,
          0.62437755,
          0,
          0.27127486,
          0.9006851,
          -0.33937624,
          0,
          -0.5623676,
          0.43447253,
          0.7035455,
          0,
          -0.13635884,
          0.098169014,
          0.11987647,
          1
        ]
      },
      {
        "date" : 767454580.860901,
        "title" : "Untitled",
        "transform" : [
          0.9967821,
          -9.380683e-10,
          -0.080158554,
          0,
          -0.03452242,
          0.90250605,
          -0.42929122,
          0,
          0.072343536,
          0.43067718,
          0.8996019,
          0,
          -0.017216241,
          0.097416006,
          0.1809411,
          1
        ]
      },
      {
        "date" : 767454568.558808,
        "title" : "Untitled",
        "transform" : [
          0.98242307,
          -7.137586e-10,
          -0.18666789,
          0,
          -0.06208297,
          0.94307315,
          -0.3267395,
          0,
          0.17604142,
          0.3325854,
          0.9264968,
          0,
          0.004513079,
          0.0916754,
          0.27464584,
          1
        ]
      }
    ]
  },
  "sceneViewportBackgroundColors" : {

  }
}