{
  "advancedEditorSelectedIdentifier" : "ProjectBrowser",
  "openSceneRelativePaths" : [
    "Scene.usda"
  ],
  "recentIdentifiers" : {
    "26DBAE76-5DD8-47B6-A085-1B4ADA111097" : [

    ]
  },
  "sceneCameraHistory" : {
    "26DBAE76-5DD8-47B6-A085-1B4ADA111097" : [
      {
        "date" : 767459455.779579,
        "title" : "Untitled",
        "transform" : [
          0.99179083,
          -1.2211248e-09,
          -0.12787016,
          0,
          -0.056786276,
          0.8959804,
          -0.4404481,
          0,
          0.11456911,
          0.44409373,
          0.88862514,
          0,
          -0.033547353,
          0.060421698,
          0.29121247,
          1
        ]
      },
      {
        "date" : 767459441.51247,
        "title" : "Untitled",
        "transform" : [
          0.99179083,
          -1.2211248e-09,
          -0.12787016,
          0,
          -0.05678627,
          0.8959803,
          -0.44044805,
          0,
          0.11456911,
          0.44409373,
          0.88862514,
          0,
          -0.058704305,
          0.10573156,
          0.5095909,
          1
        ]
      },
      {
        "date" : 767459436.162053,
        "title" : "Untitled",
        "transform" : [
          0.98738337,
          -1.1875076e-09,
          -0.15834802,
          0,
          -0.07167267,
          0.8916995,
          -0.44691715,
          0,
          0.14119883,
          0.4526279,
          0.8804493,
          0,
          -0.029501319,
          0.10494857,
          0.35052451,
          1
        ]
      },
      {
        "date" : 767454769.394555,
        "title" : "Untitled",
        "transform" : [
          0.98738337,
          -1.1875076e-09,
          -0.15834802,
          0,
          -0.07167267,
          0.8916995,
          -0.44691715,
          0,
          0.14119883,
          0.4526279,
          0.8804493,
          0,
          -0.022245552,
          0.10197472,
          0.264314,
          1
        ]
      },
      {
        "date" : 767454758.966779,
        "title" : "Untitled",
        "transform" : [
          0.98738337,
          -1.1875076e-09,
          -0.15834802,
          0,
          -0.07167267,
          0.8916995,
          -0.44691715,
          0,
          0.14119883,
          0.4526279,
          0.8804493,
          0,
          -0.017433476,
          0.10620441,
          0.26136783,
          1
        ]
      },
      {
        "date" : 767454755.928086,
        "title" : "Untitled",
        "transform" : [
          0.98738337,
          -1.1875076e-09,
          -0.15834802,
          0,
          -0.07167267,
          0.8916995,
          -0.44691715,
          0,
          0.14119883,
          0.4526279,
          0.8804493,
          0,
          -0.0027253507,
          0.11550998,
          0.2542252,
          1
        ]
      },
      {
        "date" : 767454684.360985,
        "title" : "Untitled",
        "transform" : [
          0.98738337,
          -1.1875076e-09,
          -0.15834802,
          0,
          -0.07167267,
          0.8916995,
          -0.44691715,
          0,
          0.14119883,
          0.4526279,
          0.8804493,
          0,
          -0.004753585,
          0.10578147,
          0.25955176,
          1
        ]
      },
      {
        "date" : 767454673.094222,
        "title" : "Untitled",
        "transform" : [
          0.99819475,
          -2.2702318e-09,
          -0.060060438,
          0,
          -0.01835789,
          0.9521415,
          -0.30510578,
          0,
          0.057185993,
          0.30565766,
          0.9504227,
          0,
          -0.02663349,
          0.068601884,
          0.2245858,
          1
        ]
      },
      {
        "date" : 767454660.911427,
        "title" : "Untitled",
        "transform" : [
          0.9960445,
          -2.2328641e-09,
          -0.08885561,
          0,
          -0.029523505,
          0.94318634,
          -0.33094996,
          0,
          0.08380735,
          0.33226433,
          0.93945557,
          0,
          -0.020085365,
          0.0748594,
          0.22585194,
          1
        ]
      },
      {
        "date" : 767454653.093355,
        "title" : "Untitled",
        "transform" : [
          0.9917069,
          -2.3184328e-09,
          -0.12852006,
          0,
          -0.036939066,
          0.957805,
          -0.2850354,
          0,
          0.12309709,
          0.28741908,
          0.94986176,
          0,
          -0.008850102,
          0.07033659,
          0.17808978,
          1
        ]
      }
    ]
  },
  "sceneViewportBackgroundColors" : {

  }
}